-3.20592500000000 -36.0549640000000	3.52742200000000
-3.26611442539379 -35.9893019654242	3.55329167289618
-5.08351517876100 -37.3965825862434	3.23905872860864
-6.82032629458812 -37.4362030536491	3.35977476393125
-8.47381653928929 -38.0304502513039	3.25092448307398
-10.7532625247522 -37.4269976695862	3.99557578546117
-10.7414680000000 -37.3525970000000	3.93586300000000
-2.88914600000000 -35.5729600000000	5.08431000000000
-2.95557829283476 -35.5004874771186	5.11286288406783
-4.88753672512266 -37.3405148899937	5.26162483350835
-6.80845656244116 -37.5172234334521	5.43437747750798
-8.59024937190409 -38.0935588049595	5.38492025729255
-11.2553468178307 -37.3963313178564	5.36815882099790
-11.2428580000000 -37.3175510000000	5.30493100000000
-2.82112300000000 -35.2926760000000	6.98304700000000
-2.88674698090286 -35.2210852832777	7.01125246813655
-4.71385934651267 -36.9867040704663	7.45521983097353
-6.57466396031427 -37.1275297774263	7.40580581055001
-8.30302690141444 -37.4508071054486	7.85094916732769
-10.9491598454375 -36.9392356924910	7.82041740901214
-10.9361380000000 -36.8570930000000	7.75449100000000
-3.23738400000000 -34.6171060000000	8.95557200000000
-3.30103851441941 -34.5476638197604	8.98293098300443
-4.62853654195549 -36.5257083805950	9.77966080278513
-6.53264694882816 -36.4244604734400	9.69638650119505
-8.18519540518335 -36.9530337218564	10.0349504127692
-10.3953262012065 -35.7893158193468	9.77781629738791
-10.3834340000000 -35.7142990000000	9.71760900000000
-3.58857800000000 -33.9255440000000	10.4308860000000
-3.65203410818753 -33.8563182657020	10.4581597071560
-4.67751338922118 -35.4886127442395	11.6043538741033
-6.48485722084900 -35.1509965230617	12.1984048365569
-7.83546307103465 -35.8109976372180	11.8052439161603
-9.66293830433021 -35.3169119172908	11.1291176328437
-9.65374200000000 -35.2589010000000	11.0825590000000