4 6 3 3
1 1 1 1 1 1 1
1 1 1 1 1 1 1
1 1 1 1 1 1 1
1 1 1 1 1 1 1
1 1 1 1 1 1 1
-4.57192300000000 -35.7900420000000	4.01610900000000
-4.62480559284877 -35.7323511578400	4.03883816496459
-5.94547404701158 -36.4144670969600	4.25443919587369
-7.12950755230864 -36.4888998737937	4.51594624303495
-8.28364978423201 -36.7881059538695	4.72115484965913
-9.93130249469735 -36.6697505753524	5.19048037494694
-9.92027700000000 -36.6002010000000	5.13466100000000
-3.68214100000000 -35.1937920000000	5.49903300000000
-3.71340532680231 -35.1596850236657	5.51247054160142
-4.90838901385030 -33.7197637612225	3.49865500812026
-6.81347103081357 -36.0560716466627	6.95444665159948
-10.5285124451396 -34.6155203664560	4.62066332363940
-10.2619849980285 -36.2587155279061	6.60884030379235
-10.2570720000000 -36.2277240000000	6.58396700000000
-3.62658400000000 -34.5796920000000	7.00002000000000
-3.66938204247510 -34.5330026268021	7.01841478201003
-4.53842701311293 -32.6117016007656	4.45271682483787
-6.95663615967914 -34.6318913854733	7.47204144355311
-10.5947194061057 -33.5584605002812	5.53698181968482
-10.1719264477240 -35.4755565602148	8.36764921292694
-10.1640390000000 -35.4258020000000	8.32771700000000
-3.68427600000000 -33.9187600000000	8.33983900000000
-3.74031062028962 -33.8576305382909	8.36392291986250
-4.67167380689855 -31.2995000867856	6.23452069420157
-7.24792790581164 -32.4269130519883	7.48421960348238
-10.0646160773217 -31.8958737962574	7.40245785783121
-9.94307089065273 -34.6747829141419	9.54758869905032
-9.93226300000000 -34.6066060000000	9.49287100000000
-3.61903000000000 -33.3549430000000	9.47316800000000
-3.68972653637271 -33.2778185153364	9.50355367420920
-5.19651956306747 -30.6228865796044	7.15921079171462
-7.58437734188884 -29.5478162860509	8.83103907077263
-9.93884707908037 -31.1157366591595	8.60915202533512
-9.82087211678780 -34.2226588540648	10.6179351707301
-9.80829000000000 -34.1432900000000	10.5542350000000