-4.57192300000000 -35.7900420000000	4.01610900000000
-4.62480559284877 -35.7323511578400	4.03883816496459
-5.94547404701158 -36.4144670969600	4.25443919587369
-7.12950755230864 -36.4888998737937	4.51594624303495
-8.28364978423201 -36.7881059538695	4.72115484965913
-9.93130249469735 -36.6697505753524	5.19048037494694
-9.92027700000000 -36.6002010000000	5.13466100000000
-3.68214100000000 -35.1937920000000	5.49903300000000
-3.74899277724834 -35.1208618518815	5.52776618026593
-5.43438526224852 -36.3079247378547	6.00612421192685
-6.94463790907297 -36.2460726627351	6.22339488286837
-8.28795689086398 -36.8654386727029	6.38430923023530
-10.2690488223045 -36.3032746150260	6.64460271324829
-10.2570720000000 -36.2277240000000	6.58396700000000
-3.62658400000000 -34.5796920000000	7.00002000000000
-3.69188080357320 -34.5084582085846	7.02808484591858
-5.17117714940013 -35.9820982260012	7.74360346635914
-6.81535433998412 -35.9091550765409	7.94039602021519
-8.22857572001766 -36.4892284721640	8.41210775374733
-10.1752529350772 -35.4965402701690	8.38449040236299
-10.1640390000000 -35.4258020000000	8.32771700000000
-3.68427600000000 -33.9187600000000	8.33983900000000
-3.75064128001995 -33.8463605829463	8.36836308167293
-4.85843441571800 -35.5119908754001	9.78449770741349
-6.67532986267780 -35.4998304880365	9.72837233391287
-8.19455119121619 -35.6881787452575	10.4721537553863
-9.94338203704481 -34.6767456468841	9.54916395690494
-9.93226300000000 -34.6066060000000	9.49287100000000
-3.61903000000000 -33.3549430000000	9.47316800000000
-3.69182846259173 -33.2755254754682	9.50445709110315
-4.49728208283121 -34.5213851070896	11.7222909815841
-6.54349212401064 -34.7534880633147	11.8112347113840
-8.06439354868770 -35.1981545824728	11.6039585716904
-9.81829079068324 -34.2063756722806	10.6048665498976
-9.80829000000000 -34.1432900000000	10.5542350000000