-3.65349500000000 -35.7969160000000	3.26702300000000
-3.69606707910276 -35.7504731354649	3.28532066198453
-5.69327739853782 -36.6699052203104	3.11568974112986
-7.31598550244643 -36.8921439996336	3.55115093798794
-9.14766290643517 -37.2680627000194	3.04614530805182
-11.0075674027844 -37.1560501813782	4.16572991042911
-10.9985020000000 -37.0988650000000	4.11983400000000
-3.97522200000000 -34.5054930000000	3.80288800000000
-4.02120579003458 -34.4553282211967	3.82265202995938
-5.77341061839031 -35.8320685161729	3.69981937680825
-7.57278924879860 -35.9536647402408	3.93457044598168
-9.26136024903398 -36.0206393579322	4.05461966740244
-11.3227594788347 -36.3414460694220	4.71568324899865
-11.3136310000000 -36.2838630000000	4.66946800000000
-4.25627000000000 -32.7255050000000	5.62759800000000
-4.29561737041631 -32.6825800446637	5.64450966837588
-6.11555131961965 -33.5534015809941	5.65802030291406
-7.59570186093909 -34.2427768130901	6.71136603607563
-9.23208845435453 -34.0440437163394	5.55540929759256
-11.1826028414857 -34.6044198240417	5.94729916162106
-11.1748910000000 -34.5557730000000	5.90825600000000
-5.04920000000000 -31.9191240000000	6.59543100000000
-5.09630922976787 -31.8677314529933	6.61567874877833
-6.69531191545856 -32.2038304467052	6.38261594657461
-7.88182077449626 -32.5194357269848	7.15969089230923
-9.23635658802651 -32.6908561211913	6.67403715725028
-10.7655590999250 -33.3199593662752	7.34285511877278
-10.7560360000000 -33.2598870000000	7.29464200000000
-5.26152900000000 -31.1443030000000	7.43246100000000
-5.30134398910523 -31.1008679086337	7.44957365289174
-6.59109994120143 -30.2444185247609	7.65555273534620
-7.84723660395453 -30.3048638670034	7.90855011325078
-9.23258850696594 -30.6277271076270	8.19227287191052
-10.0535126970076 -32.0851817855248	8.11395388574677
-10.0432760000000 -32.0206080000000	8.06212800000000
